2149.92828552368
2150.4282688459
2150.92825216811
2151.42823549033
2151.92821881254
2152.42820213476
2152.92818545697
2153.42816877919
2153.9281521014
2154.42813542362
2154.92811874583
2155.42810206805
2155.92808539026
2156.42806871248
2156.92805203469
2157.4280353569
2157.92801867912
2158.42800200133
2158.92798532355
2159.42796864576
2159.92795196798
2160.42793529019
2160.92791861241
2161.42790193462
2161.92788525684
2162.42786857905
2162.92785190127
2163.42783522348
2163.9278185457
2164.42780186791
2164.92778519013
2165.42776851234
2165.92775183456
2166.42773515677
2166.92771847899
2167.4277018012
2167.92768512342
2168.42766844563
2168.92765176785
2169.42763509006
2169.92761841228
2170.42760173449
2170.9275850567
2171.42756837892
2171.92755170113
2172.42753502335
2172.92751834556
2173.42750166778
2173.92748498999
2174.42746831221
2174.92745163442
2175.42743495664
2175.92741827885
2176.42740160107
2176.92738492328
2177.4273682455
2177.92735156771
2178.42733488993
2178.92731821214
2179.42730153436
2179.92728485657
2180.42726817879
2180.927251501
2181.42723482322
2181.92721814543
2182.42720146765
2182.92718478986
2183.42716811207
2183.92715143429
2184.4271347565
2184.92711807872
2185.42710140093
2185.92708472315
2186.42706804536
2186.92705136758
2187.42703468979
2187.92701801201
2188.42700133422
2188.92698465644
2189.42696797865
2189.92695130087
2190.42693462308
2190.9269179453
2191.42690126751
2191.92688458973
2192.42686791194
2192.92685123416
2193.42683455637
2193.92681787859
2194.4268012008
2194.92678452302
2195.42676784523
2195.92675116744
2196.42673448966
2196.92671781187
2197.42670113409
2197.9266844563
2198.42666777852
2198.92665110073
2199.42663442295
2199.92661774516
2200.42660106738
2200.92658438959
2201.42656771181
2201.92655103402
2202.42653435624
2202.92651767845
2203.42650100067
2203.92648432288
2204.4264676451
2204.92645096731
2205.42643428953
2205.92641761174
2206.42640093396
2206.92638425617
2207.42636757839
2207.9263509006
2208.42633422282
2208.92631754503
2209.42630086725
2209.92628418946
2210.42626751167
2210.92625083389
2211.4262341561
2211.92621747832
2212.42620080053
2212.92618412275
2213.42616744496
2213.92615076718
2214.42613408939
2214.92611741161
2215.42610073382
2215.92608405604
2216.42606737825
2216.92605070047
2217.42603402268
2217.9260173449
2218.42600066711
2218.92598398933
2219.42596731154
2219.92595063376
2220.42593395597
2220.92591727819
2221.4259006004
2221.92588392261
2222.42586724483
2222.92585056704
2223.42583388926
2223.92581721147
2224.42580053369
2224.9257838559
2225.42576717812
2225.92575050033
2226.42573382255
2226.92571714476
2227.42570046698
2227.92568378919
2228.42566711141
2228.92565043362
2229.42563375584
2229.92561707805
2230.42560040027
2230.92558372248
2231.4255670447
2231.92555036691
2232.42553368913
2232.92551701134
2233.42550033356
2233.92548365577
2234.42546697799
2234.9254503002
2235.42543362241
2235.92541694463
2236.42540026684
2236.92538358906
2237.42536691127
2237.92535023349
2238.4253335557
2238.92531687792
2239.42530020013
2239.92528352235
2240.42526684456
2240.92525016678
2241.42523348899
2241.92521681121
2242.42520013342
2242.92518345564
2243.42516677785
2243.92515010007
2244.42513342228
2244.9251167445
2245.42510006671
2245.92508338893
2246.42506671114
2246.92505003336
2247.42503335557
2247.92501667779
2248.425
2248.92498332222
2249.42496664443
2249.92494996664
2250.42493328886
2250.92491661107
2251.42489993329
2251.9248832555
2252.42486657772
2252.92484989993
2253.42483322215
2253.92481654436
2254.42479986658
2254.92478318879
2255.42476651101
2255.92474983322
2256.42473315544
2256.92471647765
2257.42469979987
2257.92468312208
2258.4246664443
2258.92464976651
2259.42463308873
2259.92461641094
2260.42459973316
2260.92458305537
2261.42456637759
2261.9245496998
2262.42453302201
2262.92451634423
2263.42449966644
2263.92448298866
2264.42446631087
2264.92444963309
2265.4244329553
2265.92441627752
2266.42439959973
2266.92438292195
2267.42436624416
2267.92434956638
2268.42433288859
2268.92431621081
2269.42429953302
2269.92428285524
2270.42426617745
2270.92424949967
2271.42423282188
2271.9242161441
2272.42419946631
2272.92418278853
2273.42416611074
2273.92414943296
2274.42413275517
2274.92411607738
2275.4240993996
2275.92408272181
2276.42406604403
2276.92404936624
2277.42403268846
2277.92401601067
2278.42399933289
2278.9239826551
2279.42396597732
2279.92394929953
2280.42393262175
2280.92391594396
2281.42389926618
2281.92388258839
2282.42386591061
2282.92384923282
2283.42383255504
2283.92381587725
2284.42379919947
2284.92378252168
2285.4237658439
2285.92374916611
2286.42373248833
2286.92371581054
2287.42369913276
2287.92368245497
2288.42366577718
2288.9236490994
2289.42363242161
2289.92361574383
2290.42359906604
2290.92358238826
2291.42356571047
2291.92354903269
2292.4235323549
2292.92351567712
2293.42349899933
2293.92348232155
2294.42346564376
2294.92344896598
2295.42343228819
2295.92341561041
2296.42339893262
2296.92338225484
2297.42336557705
2297.92334889927
2298.42333222148
2298.9233155437
2299.42329886591
2299.92328218813
